emg1,emg2,emg3,emg4,emg5,emg6,emg7,emg8,acc_x,acc_y,acc_z,gyro_x,gyro_y,gyro_z,angle_pitch,angle_roll,angle_yaw
127,127,127,127,127,126,127,128,255,149,241,127,127,127,123,145,63
127,126,127,127,126,126,127,127,255,149,241,127,127,127,123,145,63
127,127,127,127,127,126,127,128,255,149,241,127,127,127,123,145,63
127,127,127,127,127,127,127,128,255,149,241,127,127,127,123,145,63
127,127,127,127,126,127,127,128,255,149,241,127,127,127,123,145,63
127,127,127,127,127,127,127,128,255,149,241,127,127,127,123,145,63
127,126,127,127,127,126,127,128,255,149,241,127,127,127,123,145,63
127,126,127,127,127,126,127,128,255,149,241,127,127,127,123,145,63
127,126,127,127,127,126,126,127,255,149,241,127,127,127,123,145,63
127,126,127,127,127,126,127,128,255,149,241,127,127,127,123,145,63
126,126,126,127,127,127,127,127,255,149,241,127,127,127,123,145,63
126,126,126,127,126,127,127,127,255,149,241,127,127,127,123,145,63
126,126,126,127,126,127,127,127,255,149,241,127,127,127,123,145,63
126,126,126,127,126,127,127,127,255,149,241,127,127,127,123,145,63
126,126,126,126,126,127,127,127,255,149,241,127,127,127,123,145,63
126,127,126,126,127,127,127,128,255,149,241,127,127,127,123,145,63
126,126,126,126,127,127,127,128,255,149,241,127,127,127,123,145,63
126,126,126,126,127,127,127,127,255,149,241,127,127,127,123,145,63
126,126,126,126,127,127,127,127,255,149,241,127,127,127,123,145,63
126,126,126,126,127,127,127,127,255,149,241,127,127,127,123,145,63
127,127,126,127,127,127,127,128,255,149,241,127,127,127,123,145,63
127,127,126,127,127,127,127,128,255,149,241,127,127,127,123,145,63
127,127,126,127,127,127,127,128,255,149,241,127,127,127,123,145,63
127,127,126,127,126,127,127,128,255,149,241,127,127,127,123,145,63
127,127,126,127,127,127,127,128,255,149,241,127,127,127,123,145,63
127,127,126,127,127,127,127,128,255,149,241,127,127,127,123,145,63
127,127,126,127,127,127,127,128,255,149,241,127,127,127,123,145,63
127,127,126,127,127,127,127,128,255,149,241,127,127,127,123,145,63
127,127,126,127,127,127,127,128,255,149,241,127,127,127,123,145,63
127,127,126,127,127,127,127,128,255,149,241,127,127,127,123,145,63
127,127,127,127,127,127,127,128,255,149,241,127,127,127,123,145,63
127,127,127,127,127,127,127,128,255,149,241,127,127,127,123,145,63
127,127,127,127,127,127,127,128,255,149,241,127,127,127,123,145,63
127,127,127,127,127,127,126,128,255,149,241,127,127,127,123,145,63
127,127,128,127,127,127,127,128,255,149,241,127,127,127,123,145,63
127,127,128,127,127,127,127,128,255,149,241,127,127,127,123,145,63
127,127,128,127,127,127,127,128,255,149,241,127,127,127,123,145,63
127,127,128,127,127,127,127,128,255,149,241,127,127,127,123,145,63
127,127,127,127,127,127,127,128,255,149,241,127,127,127,123,145,63
127,127,127,127,127,127,127,128,255,149,241,127,127,127,123,145,63
127,127,127,127,127,127,127,128,255,149,241,127,127,127,123,145,63
127,127,127,127,127,127,127,128,255,149,241,127,127,127,123,145,63
127,127,127,127,127,127,127,128,255,149,241,127,127,127,123,145,63
127,127,127,127,127,127,127,128,255,149,241,127,127,127,123,145,63
127,127,127,127,127,127,127,128,255,149,241,127,127,127,123,145,63
127,127,127,127,127,127,127,128,255,149,241,127,127,127,123,145,63
127,127,127,127,127,127,127,128,255,149,241,127,127,127,123,145,63
127,127,128,127,127,127,127,128,255,149,241,127,127,127,123,145,63
127,127,128,127,127,127,126,128,255,149,241,127,127,127,123,145,63
127,127,128,127,127,127,127,128,255,149,241,127,127,127,123,145,63
126,127,128,127,127,127,127,128,255,149,241,127,127,127,123,145,63
126,127,128,127,127,127,127,128,255,149,241,127,127,127,123,145,63
126,127,129,127,127,127,127,128,255,149,241,127,127,127,123,145,63
126,127,129,127,127,127,127,128,255,149,241,127,127,127,123,145,63
126,127,129,127,127,127,127,128,255,149,241,127,127,127,123,145,63
126,127,129,127,127,127,127,128,255,149,241,127,127,127,123,145,63
126,127,128,127,127,127,127,128,255,149,241,127,127,127,123,145,63
126,127,128,127,127,127,127,128,255,149,241,127,127,127,123,145,63
126,127,128,127,127,127,127,128,255,149,241,127,127,127,123,145,63
126,127,128,127,127,127,127,128,255,149,241,127,127,127,123,145,63
126,127,127,127,126,126,126,128,255,149,241,127,127,127,123,145,63
127,127,127,127,126,127,127,128,255,149,241,127,127,127,123,145,63
126,127,127,127,126,127,127,128,255,149,241,127,127,127,123,145,63
126,127,127,127,126,127,127,128,255,149,241,127,127,127,123,145,63
126,127,127,127,126,126,127,128,255,149,241,127,127,127,123,145,63
126,127,127,127,126,127,127,128,255,149,241,127,127,127,123,145,63
126,127,127,127,126,127,127,128,255,149,241,127,127,127,123,145,63
126,127,127,127,126,126,127,128,255,149,241,127,127,127,123,145,63
126,127,127,127,126,126,127,128,255,149,241,127,127,127,123,145,63
126,127,127,127,126,126,127,128,255,149,241,127,127,127,123,145,63
126,127,127,127,127,127,127,128,255,149,241,127,127,127,123,145,63
126,127,127,127,126,127,127,128,255,149,241,127,127,127,123,145,63
126,127,127,127,127,127,127,127,255,149,241,127,127,127,123,145,63
126,127,127,127,126,127,127,127,255,149,241,127,127,127,123,145,63
126,127,127,127,127,127,127,128,255,149,241,127,127,127,123,145,63
126,127,127,127,127,127,127,128,255,149,241,127,127,127,123,145,63
126,127,127,127,127,127,127,128,255,149,241,127,127,127,123,145,63
126,127,127,127,127,127,127,128,255,149,241,127,127,127,123,145,63
126,127,128,127,127,127,127,128,255,149,241,127,127,127,123,145,63
126,127,128,127,127,127,127,128,255,149,241,127,127,127,123,145,63
127,127,126,126,127,127,127,128,255,149,241,127,127,127,123,145,63
127,127,126,126,127,127,127,128,255,149,241,127,127,127,123,145,63
127,126,126,126,127,127,127,128,255,149,241,127,127,127,123,145,63
127,126,126,126,127,127,127,128,255,149,241,127,127,127,123,145,63
127,127,126,126,127,127,127,128,255,149,241,127,127,127,123,145,63
127,127,126,127,127,127,127,128,255,149,241,127,127,127,123,145,63
127,127,127,127,127,127,127,128,255,149,241,127,127,127,123,145,63
127,127,127,127,127,127,127,128,255,149,241,127,127,127,123,145,63
127,127,127,127,127,127,127,128,255,149,241,127,127,127,123,145,63
127,127,126,126,127,127,127,128,255,149,241,127,127,127,123,145,63
126,127,127,127,127,127,127,128,255,150,241,127,127,127,123,145,63
126,127,127,127,127,127,127,128,255,150,241,127,127,127,123,145,63
126,127,127,127,127,127,127,128,255,150,241,127,127,127,123,145,63
126,127,127,127,127,127,127,128,255,150,241,127,127,127,123,145,63
126,126,127,127,127,127,127,128,255,150,241,127,127,127,123,145,63
126,127,127,127,127,127,127,128,255,150,241,127,127,127,123,145,63
126,126,127,127,127,127,127,128,255,150,241,127,127,127,123,145,63
126,126,127,127,127,127,127,128,255,150,241,127,127,127,123,145,63
126,127,127,127,127,127,127,128,255,150,241,127,127,127,123,145,63
126,127,127,127,127,127,127,128,255,150,241,127,127,127,123,145,63
126,126,128,128,127,127,127,127,255,150,241,127,127,127,123,145,63
126,126,128,128,127,127,127,128,255,150,241,127,127,127,123,145,63
126,127,128,128,127,127,127,128,255,150,241,127,127,127,123,145,63
127,127,128,128,127,127,127,128,255,150,241,127,127,127,123,145,63
127,127,128,128,127,127,127,128,255,150,241,127,127,127,123,145,63
127,127,128,128,127,127,127,128,255,150,241,127,127,127,123,145,63
127,127,128,128,127,127,127,128,255,150,241,127,127,127,123,145,63
126,126,127,128,127,127,127,127,255,150,241,127,127,127,123,145,63
126,126,127,128,127,127,127,127,255,150,241,127,127,127,123,145,63
126,126,128,128,127,127,127,127,255,150,241,127,127,127,123,145,63
127,127,126,126,126,127,127,128,255,150,241,127,127,127,123,145,63
127,127,126,126,126,127,127,128,255,150,241,127,127,127,123,145,63
127,127,126,126,126,127,127,128,255,150,241,127,127,127,123,145,63
127,127,126,126,126,127,127,128,255,150,241,127,127,127,123,145,63
127,127,126,127,126,127,127,128,255,150,241,127,127,127,123,145,63
127,127,126,127,126,127,127,128,255,150,241,127,127,127,123,145,63
127,126,126,126,126,127,127,128,255,150,241,127,127,127,123,145,63
127,127,126,126,126,127,127,128,255,150,241,127,127,127,123,145,63
127,127,126,126,126,127,127,128,255,150,241,127,127,127,123,145,63
127,127,126,126,126,127,127,128,255,150,241,127,127,127,123,145,63
127,127,127,126,126,127,127,128,255,149,241,127,127,127,123,145,63
127,127,127,126,126,127,127,128,255,149,241,127,127,127,123,145,63
127,127,127,126,127,127,127,128,255,149,241,127,127,127,123,145,63
127,127,127,126,127,128,127,128,255,149,241,127,127,127,123,145,63
127,127,127,127,127,128,127,128,255,149,241,127,127,127,123,145,63
127,127,126,126,126,127,127,128,255,149,241,127,127,127,123,145,63
127,127,126,126,126,127,127,128,255,149,241,127,127,127,123,145,63
127,127,127,126,126,127,127,128,255,149,241,127,127,127,123,145,63
127,127,127,126,126,127,127,128,255,149,241,127,127,127,123,145,63
127,127,127,126,126,127,127,128,255,149,241,127,127,127,123,145,63
127,127,128,128,127,127,127,127,255,149,241,127,127,127,123,145,63
127,127,128,128,126,127,127,127,255,149,241,127,127,127,123,145,63
127,127,128,127,126,127,127,127,255,149,241,127,127,127,123,145,63
127,127,128,127,126,127,126,127,255,149,241,127,127,127,123,145,63
127,127,129,128,127,127,127,128,255,149,241,127,127,127,123,145,63
127,127,128,128,127,127,127,128,255,149,241,127,127,127,123,145,63
127,127,128,128,127,127,127,128,255,149,241,127,127,127,123,145,63
127,127,128,128,127,127,127,128,255,149,241,127,127,127,123,145,63
127,127,128,128,127,127,127,128,255,149,241,127,127,127,123,145,63
127,127,128,128,127,127,127,128,255,149,241,127,127,127,123,145,63
127,127,128,128,127,127,127,128,255,149,241,127,127,127,123,145,63
127,127,128,128,127,128,127,128,255,149,241,127,127,127,123,145,63
127,127,128,128,127,128,127,128,255,149,241,127,127,127,123,145,63
126,127,127,128,127,127,127,128,255,149,241,127,127,127,123,145,63
126,127,127,128,127,127,127,128,255,149,241,127,127,127,123,145,63
126,127,127,128,127,127,127,128,255,149,241,127,127,127,123,145,63
127,127,128,128,127,127,127,128,255,149,241,127,127,127,123,145,63
127,127,128,128,127,127,127,128,255,149,241,127,127,127,123,145,63
127,127,128,128,127,127,127,128,255,149,241,127,127,127,123,145,63
127,127,128,128,127,127,127,128,255,149,241,127,127,127,123,145,63
127,127,126,127,127,127,127,128,255,149,241,127,127,127,123,145,63
127,127,126,127,127,127,127,128,255,149,241,127,127,127,123,145,63
126,126,126,126,126,126,126,128,255,149,241,127,127,127,123,145,63
127,126,126,125,126,126,126,128,255,149,241,127,127,127,123,145,63
127,126,126,126,126,126,126,128,255,149,241,127,127,127,123,145,63
127,127,126,126,126,126,127,128,255,149,241,127,127,127,123,145,63
127,127,126,126,126,126,126,128,255,149,241,127,127,127,123,145,63
127,127,126,126,126,126,127,128,255,149,241,127,127,127,123,145,63
127,127,126,127,127,127,127,128,255,149,241,127,127,127,123,145,63
127,127,126,127,127,127,127,128,255,149,241,127,127,127,123,145,63
126,127,127,127,127,127,127,128,255,149,241,127,127,127,123,145,63
126,127,128,127,127,126,126,128,255,149,241,127,127,127,123,145,63
126,127,128,127,127,126,126,128,255,149,241,127,127,127,123,145,63
127,127,128,127,127,127,126,128,255,149,241,127,127,127,123,145,63
127,127,128,127,127,127,127,128,255,149,241,127,127,127,123,145,63
127,127,128,127,127,127,126,128,255,149,241,127,127,127,123,145,63
126,127,128,127,127,127,127,128,255,149,241,127,127,127,123,145,63
126,127,128,127,127,127,127,128,255,149,241,127,127,127,123,145,63
126,127,128,127,127,127,127,128,255,149,241,127,127,127,123,145,63
126,127,127,127,127,127,126,128,255,149,241,127,127,127,123,145,63
127,127,127,127,127,127,127,128,255,149,241,127,127,127,123,145,63
127,127,127,127,127,127,127,128,255,149,241,127,127,127,123,145,63
127,127,127,127,127,127,127,128,255,149,241,127,127,127,123,145,63
127,127,127,127,127,127,127,128,255,149,241,127,127,127,123,145,63
127,127,127,127,127,127,127,128,255,149,241,127,127,127,123,145,63
127,127,127,127,127,127,127,128,255,149,241,127,127,127,123,145,63
127,127,127,127,127,127,127,128,255,149,241,127,127,127,123,145,63
127,127,126,127,127,127,127,128,255,149,241,127,127,127,123,145,63
127,127,126,127,127,127,127,128,255,149,241,127,127,127,123,145,63
127,127,126,127,127,127,127,128,255,149,241,127,127,127,123,145,63
126,127,126,126,127,127,127,128,255,149,241,127,127,127,123,145,63
127,127,125,126,127,127,127,128,255,149,241,127,127,127,123,145,63
127,127,125,126,127,127,127,128,255,149,241,127,127,127,123,145,63
127,127,125,126,127,127,127,128,255,149,241,127,127,127,123,145,63
127,127,125,126,127,127,127,128,255,149,241,127,127,127,123,145,63
127,127,125,126,127,127,127,128,255,149,241,127,127,127,123,145,63
127,127,125,126,126,127,127,128,255,149,241,127,127,127,123,145,63
126,126,126,126,126,127,127,128,255,149,241,127,127,127,123,145,63
127,127,126,127,127,127,127,128,255,149,241,127,127,127,123,145,63
126,127,126,126,126,127,127,128,255,149,241,127,127,127,123,145,63
127,127,128,127,127,127,127,127,255,149,241,127,127,127,123,145,63
127,127,128,127,127,127,127,127,255,149,241,127,127,127,123,145,63
127,127,128,127,127,127,127,127,255,149,241,127,127,127,123,145,63
127,127,128,127,127,127,127,127,255,149,241,127,127,127,123,145,63
127,127,127,127,127,127,127,127,255,149,241,127,127,127,123,145,63
127,127,127,127,127,127,127,127,255,149,241,127,127,127,123,145,63
127,127,127,127,127,127,127,127,255,149,241,127,127,127,123,145,63
127,127,127,127,127,127,127,128,255,149,241,127,127,127,123,145,63
127,127,128,127,127,127,127,128,255,149,241,127,127,127,123,145,63
127,127,128,127,127,127,127,127,255,149,241,127,127,127,123,145,63
127,127,129,128,127,127,127,128,255,149,241,127,127,127,123,145,63
127,127,129,128,127,127,127,128,255,149,241,127,127,127,123,145,63
127,127,129,128,127,127,127,128,255,149,241,127,127,127,123,145,63
127,127,129,128,127,127,127,128,255,149,241,127,127,127,123,145,63
127,127,129,128,127,127,127,128,255,149,241,127,127,127,123,145,63
127,127,128,128,127,127,127,128,255,149,241,127,127,127,123,145,63
127,127,128,128,127,127,127,128,255,149,241,127,127,127,123,145,63
127,127,129,128,127,127,127,128,255,149,241,127,127,127,123,145,63
127,127,129,128,127,127,127,128,255,149,241,127,127,127,123,145,63
127,127,129,128,127,127,127,128,255,149,241,127,127,127,123,145,63
127,127,128,127,127,127,127,128,255,149,241,127,127,127,123,145,63
127,127,128,127,127,127,127,128,255,149,241,127,127,127,123,145,63
127,127,128,127,127,127,127,128,255,149,241,127,127,127,123,145,63
127,127,128,127,127,127,127,128,255,149,241,127,127,127,123,145,63
127,127,128,127,127,127,127,128,255,149,241,127,127,127,123,145,63
127,127,128,127,127,127,126,128,255,149,241,127,127,127,123,145,63
127,127,128,127,127,127,127,128,255,149,241,127,127,127,123,145,63
127,127,127,127,127,127,127,128,255,149,241,127,127,127,123,145,63
127,127,128,127,127,127,127,128,255,149,241,127,127,127,123,145,63
127,127,128,127,127,127,127,128,255,149,241,127,127,127,123,145,63
127,127,126,127,127,127,126,127,255,149,241,127,127,127,123,145,63
127,127,126,127,127,127,126,127,255,149,241,127,127,127,123,145,63
127,127,126,127,127,127,127,128,255,149,241,127,127,127,123,145,63
127,127,127,127,127,127,127,128,255,149,241,127,127,127,123,145,63
127,127,127,127,127,127,127,128,255,149,241,127,127,127,123,145,63
127,127,127,127,127,127,126,128,255,149,241,127,127,127,123,145,63
127,127,127,127,127,127,126,128,255,149,241,127,127,127,123,145,63
127,127,127,127,127,127,126,128,255,149,241,127,127,127,123,145,63
127,127,126,127,127,127,126,128,255,149,241,127,127,127,123,145,63
127,127,126,127,127,127,126,127,255,149,241,127,127,127,123,145,63
127,127,127,127,126,127,127,128,255,149,241,127,127,127,123,145,63
127,127,127,127,127,127,127,128,255,149,241,127,127,127,123,145,63
127,127,127,127,127,127,127,128,255,149,241,127,127,127,123,145,63
127,127,126,127,126,127,127,128,255,149,241,127,127,127,123,145,63
127,127,128,127,127,127,127,128,255,149,241,127,127,127,123,145,63
127,127,128,127,127,127,127,128,255,149,241,127,127,127,123,145,63
127,127,128,127,127,127,127,128,255,149,241,127,127,127,123,145,63
127,127,127,127,126,127,127,128,255,149,241,127,127,127,123,145,63
127,127,127,127,126,127,127,128,255,149,241,127,127,127,123,145,63
127,127,127,127,127,127,127,128,255,149,241,127,127,127,123,145,63
126,126,128,127,127,126,126,127,255,149,241,127,127,127,123,145,63
126,126,128,127,126,126,126,127,255,149,241,127,127,127,123,145,63
126,126,128,127,126,126,126,127,255,149,241,127,127,127,123,145,63
126,126,128,127,127,127,126,128,255,149,241,127,127,127,123,145,63
126,126,128,127,127,126,126,127,255,149,241,127,127,127,123,145,63
126,126,128,127,127,126,126,128,255,149,241,127,127,127,123,145,63
126,126,128,127,127,126,126,127,255,149,241,127,127,127,123,145,63
126,126,128,127,127,126,126,127,255,149,241,127,127,127,123,145,63
126,126,129,127,127,126,126,128,255,149,241,127,127,127,123,145,63
126,126,129,127,127,126,126,128,255,149,241,127,127,127,123,145,63
127,127,128,127,127,127,127,128,255,149,241,127,127,127,123,145,63
127,127,128,127,127,127,127,128,255,149,241,127,127,127,123,145,63
126,127,127,126,126,127,127,128,255,149,241,127,127,127,123,145,63
127,127,127,126,127,127,127,128,255,149,241,127,127,127,123,145,63
126,127,127,126,127,127,127,128,255,149,241,127,127,127,123,145,63
127,127,127,126,127,127,127,128,255,149,241,127,127,127,123,145,63
126,127,127,126,127,127,127,128,255,149,241,127,127,127,123,145,63
126,127,128,126,127,127,127,128,255,149,241,127,127,127,123,145,63
126,127,128,126,127,127,127,128,255,149,241,127,127,127,123,145,63
126,127,128,126,127,127,127,128,255,149,241,127,127,127,123,145,63
127,127,126,127,127,127,127,128,255,149,241,127,127,127,123,145,63
127,127,125,126,126,127,127,128,255,149,241,127,127,127,123,145,63
127,127,125,126,127,127,127,128,255,149,241,127,127,127,123,145,63
127,127,126,127,127,127,127,128,255,149,241,127,127,127,123,145,63
127,127,126,127,127,127,127,128,255,149,241,127,127,127,123,145,63
127,127,126,127,127,127,127,128,255,149,241,127,127,127,123,145,63
127,127,126,127,127,127,127,128,255,149,241,127,127,127,123,145,63
127,127,126,127,127,127,127,128,255,149,241,127,127,127,123,145,63
127,127,126,127,127,127,127,128,255,149,241,127,127,127,123,145,63
127,127,126,127,127,127,127,128,255,149,241,127,127,127,123,145,63
127,127,129,127,126,127,126,128,255,149,241,127,127,127,123,145,63
126,127,129,127,126,127,126,128,255,149,241,127,127,127,123,145,63
126,127,128,127,126,127,126,128,255,149,241,127,127,127,123,145,63
127,127,128,126,126,127,126,128,255,149,241,127,127,127,123,145,63
126,127,128,126,126,127,126,128,255,149,241,127,127,127,123,145,63
127,127,128,126,126,127,126,128,255,149,241,127,127,127,123,145,63
127,127,128,126,126,127,126,128,255,149,241,127,127,127,123,145,63
127,127,127,126,126,127,126,128,255,149,241,127,127,127,123,145,63
127,127,127,126,126,127,126,128,255,149,241,127,127,127,123,145,63
127,127,127,126,126,127,126,128,255,149,241,127,127,127,123,145,63
126,127,127,126,126,127,127,128,255,149,241,127,127,127,123,145,63
126,127,127,127,126,127,127,128,255,149,241,127,127,127,123,145,63
126,127,127,127,126,127,127,128,255,149,241,127,127,127,123,145,63
126,127,127,127,126,127,127,128,255,149,241,127,127,127,123,145,63
126,127,127,127,126,127,127,128,255,149,241,127,127,127,123,145,63
126,127,127,127,126,127,127,128,255,149,241,127,127,127,123,145,63
126,127,127,127,127,127,127,128,255,149,241,127,127,127,123,145,63
126,127,127,127,127,127,127,128,255,149,241,127,127,127,123,145,63
126,127,127,127,127,127,127,128,255,149,241,127,127,127,123,145,63
126,126,127,126,126,127,127,128,255,149,241,127,127,127,123,145,63
127,127,128,127,127,127,127,128,255,149,241,127,127,127,123,145,63
127,127,128,127,127,127,127,128,255,149,241,127,127,127,123,145,63
127,127,127,127,127,127,127,128,255,149,241,127,127,127,123,145,63
127,127,127,127,127,127,127,128,255,149,241,127,127,127,123,145,63
127,127,127,127,127,127,127,128,255,149,241,127,127,127,123,145,63
127,127,127,127,127,127,127,128,255,149,241,127,127,127,123,145,63
127,127,127,127,127,127,127,128,255,149,241,127,127,127,123,145,63
127,127,127,127,126,127,127,128,255,149,241,127,127,127,123,145,63
127,127,128,127,127,127,127,128,255,149,241,127,127,127,123,145,63
127,127,128,128,127,127,127,128,255,149,241,127,127,127,123,145,63
127,127,126,126,126,127,127,128,255,149,241,127,127,127,123,145,63
127,127,126,126,126,127,127,128,255,149,241,127,127,127,123,145,63
127,127,126,126,126,127,127,128,255,149,241,127,127,127,123,145,63
127,127,126,126,126,127,127,128,255,149,241,127,127,127,123,145,63
127,127,126,126,126,127,127,128,255,149,241,127,127,127,123,145,63
127,127,126,126,126,127,127,128,255,149,241,127,127,127,123,145,63
127,127,126,126,126,127,127,128,255,149,241,127,127,127,123,145,63
127,127,126,126,126,127,127,128,255,149,241,127,127,127,123,145,63
127,127,126,126,126,127,127,128,255,149,241,127,127,127,123,145,63
127,127,126,126,126,127,127,128,255,149,241,127,127,127,123,145,63
127,127,128,127,127,127,127,128,255,149,241,127,127,127,123,145,63
127,127,128,127,127,127,127,128,255,149,241,127,127,127,123,145,63
127,127,128,127,127,127,127,128,255,149,241,127,127,127,123,145,63
127,127,128,128,127,127,127,128,255,149,241,127,127,127,123,145,63
127,127,128,128,127,127,127,128,255,149,241,127,127,127,123,145,63
127,127,128,128,127,127,127,128,255,149,241,127,127,127,123,145,63
127,127,127,126,127,127,127,128,255,149,241,127,127,127,123,145,63
127,127,127,126,127,127,127,127,255,149,241,127,127,127,123,145,63
127,127,127,126,127,127,127,128,255,149,241,127,127,127,123,145,63
127,127,127,126,127,127,127,128,255,149,241,127,127,127,123,145,63
127,127,128,128,127,127,127,128,255,149,241,127,127,127,123,145,63
127,127,128,128,127,127,127,128,255,149,241,127,127,127,123,145,63
127,127,128,128,127,127,127,128,255,149,241,127,127,127,123,145,63
127,127,128,128,127,127,127,128,255,149,241,127,127,127,123,145,63
127,127,128,128,127,127,127,128,255,149,241,127,127,127,123,145,63
127,127,128,127,127,127,127,128,255,149,241,127,127,127,123,145,63
127,127,128,128,127,127,127,128,255,149,241,127,127,127,123,145,63
127,127,128,128,127,127,127,128,255,149,241,127,127,127,123,145,63
127,127,128,128,127,127,127,128,255,149,241,127,127,127,123,145,63
127,127,128,128,127,127,127,128,255,149,241,127,127,127,123,145,63
127,127,128,128,127,127,127,127,255,149,241,127,127,127,123,145,63
127,126,128,128,127,127,126,127,255,149,241,127,127,127,123,145,63
126,126,128,128,127,127,127,127,255,149,241,127,127,127,123,145,63
127,126,127,128,127,127,126,127,255,149,241,127,127,127,123,145,63
127,127,129,127,127,127,127,128,255,149,241,127,127,127,123,145,63
127,127,129,128,127,127,127,127,255,149,241,127,127,127,123,145,63
127,127,129,128,127,127,127,128,255,149,241,127,127,127,123,145,63
127,127,129,128,127,127,127,127,255,149,241,127,127,127,123,145,63
127,127,128,128,127,127,127,127,255,149,241,127,127,127,123,145,63
127,127,128,128,127,127,126,127,255,149,241,127,127,127,123,145,63
127,127,127,127,127,127,126,128,255,149,241,127,127,127,123,145,63
127,127,127,127,127,127,126,128,255,149,241,127,127,127,123,145,63
127,127,127,127,127,127,127,128,255,149,241,127,127,127,123,145,63
127,127,126,126,126,127,126,128,255,149,241,127,127,127,123,145,63
127,127,126,126,126,127,126,128,255,149,241,127,127,127,123,145,63
127,127,127,126,126,127,126,128,255,149,241,127,127,127,123,145,63
127,127,127,126,126,127,127,128,255,149,241,127,127,127,123,145,63
127,127,127,126,126,127,127,128,255,149,241,127,127,127,123,145,63
127,127,127,126,126,127,127,128,255,149,241,127,127,127,123,145,63
127,127,127,126,127,127,127,128,255,149,241,127,127,127,123,145,63
127,127,127,127,127,127,126,128,255,150,241,127,127,127,123,145,63
127,127,127,127,127,127,126,128,255,150,241,127,127,127,123,145,63
127,127,127,127,126,127,127,128,255,150,241,127,127,127,123,145,63
127,127,127,127,127,127,127,128,255,150,241,127,127,127,123,145,63
127,127,127,127,127,127,127,128,255,150,241,127,127,127,123,145,63
127,127,127,127,127,127,127,128,255,150,241,127,127,127,123,145,63
127,127,127,127,127,127,127,128,255,150,241,127,127,127,123,145,63
127,127,127,127,127,127,126,128,255,150,241,127,127,127,123,145,63
127,127,127,127,127,127,126,128,255,150,241,127,127,127,123,145,63
127,127,127,127,126,127,126,128,255,150,241,127,127,127,123,145,63
127,127,128,127,126,127,127,128,255,150,241,127,127,127,123,145,63
126,127,127,126,126,127,127,128,255,150,241,127,127,127,123,145,63
126,127,127,126,126,127,127,128,255,150,241,127,127,127,123,145,63
127,127,127,126,126,127,127,128,255,150,241,127,127,127,123,145,63
127,127,127,127,126,127,127,128,255,150,241,127,127,127,123,145,63
127,127,127,127,127,127,127,127,255,150,241,127,127,127,123,145,63
127,127,128,127,127,127,127,127,255,150,241,127,127,127,123,145,63
127,127,128,127,126,127,127,128,255,150,241,127,127,127,123,145,63
126,127,128,127,127,127,127,128,255,150,241,127,127,127,123,145,63
126,127,128,127,127,127,127,128,255,150,241,127,127,127,123,145,63
127,127,129,128,127,127,127,128,255,150,241,127,127,127,123,145,63
127,127,128,128,127,127,127,128,255,150,241,127,127,127,123,145,63
127,127,128,128,127,127,127,128,255,150,241,127,127,127,123,145,63
127,127,128,128,127,127,127,128,255,150,241,127,127,127,123,145,63
127,127,128,127,127,127,127,128,255,150,241,127,127,127,123,145,63
127,127,127,127,127,127,127,128,255,150,241,127,127,127,123,145,63
127,127,127,127,127,127,127,128,255,150,241,127,127,127,123,145,63
127,127,126,127,126,127,127,128,255,150,241,127,127,127,123,145,63
127,127,126,127,126,127,127,128,255,150,241,127,127,127,123,145,63
127,126,125,127,126,127,127,128,255,150,241,127,127,127,123,145,63
126,127,126,127,127,127,127,127,255,150,241,127,127,127,123,145,63
126,127,125,127,127,127,127,127,255,150,241,127,127,127,123,145,63
126,127,125,127,127,127,127,127,255,150,241,127,127,127,123,145,63
126,127,125,127,127,127,127,127,255,150,241,127,127,127,123,145,63
126,127,125,127,127,127,127,127,255,150,241,127,127,127,123,145,63
126,127,125,127,127,127,127,127,255,150,241,127,127,127,123,145,63
126,127,126,127,127,127,127,128,255,150,241,127,127,127,123,145,63
126,127,126,127,127,127,127,128,255,150,241,127,127,127,123,145,63
126,127,126,127,127,127,127,128,255,150,241,127,127,127,123,145,63
126,127,126,127,127,127,127,127,255,150,241,127,127,127,123,145,63
127,127,127,127,127,127,127,128,255,150,241,127,127,127,123,145,63
127,127,127,127,127,127,127,128,255,150,241,127,127,127,123,145,63
127,127,127,127,127,127,127,128,255,150,241,127,127,127,123,145,63
127,127,127,127,127,127,127,128,255,150,241,127,127,127,123,145,63
127,127,127,127,127,127,127,128,255,150,241,127,127,127,123,145,63
127,127,127,127,127,127,127,128,255,150,241,127,127,127,123,145,63
127,127,127,127,127,127,127,128,255,150,241,127,127,127,123,145,63
127,127,127,127,127,127,127,128,255,150,241,127,127,127,123,145,63
127,127,127,126,127,127,127,128,255,150,241,127,127,127,123,145,63
127,127,127,126,127,127,127,128,255,150,241,127,127,127,123,145,63
127,127,127,127,127,127,127,128,255,149,241,127,127,127,123,145,63
127,127,127,127,127,127,127,128,255,149,241,127,127,127,123,145,63
127,127,127,127,127,127,127,128,255,149,241,127,127,127,123,145,63
127,127,127,127,127,127,127,128,255,149,241,127,127,127,123,145,63
127,127,128,127,127,127,127,128,255,149,241,127,127,127,123,145,63
127,127,128,127,127,127,127,128,255,149,241,127,127,127,123,145,63
127,127,128,127,127,127,127,128,255,149,241,127,127,127,123,145,63
127,127,127,127,127,127,127,128,255,149,241,127,127,127,123,145,63
127,127,127,127,127,127,127,128,255,149,241,127,127,127,123,145,63
127,127,127,127,127,127,127,128,255,149,241,127,127,127,123,145,63
127,126,127,127,126,127,127,127,255,149,241,127,127,127,123,145,63
127,126,127,127,127,127,127,127,255,149,241,127,127,127,123,145,63
127,126,126,127,127,127,127,127,255,149,241,127,127,127,123,145,63
127,126,126,127,126,127,127,128,255,149,241,127,127,127,123,145,63
127,126,125,127,127,127,127,128,255,149,241,127,127,127,123,145,63
127,126,125,127,127,127,127,128,255,149,241,127,127,127,123,145,63
126,126,128,127,126,127,127,127,255,149,241,127,127,127,123,145,63
126,126,128,127,126,127,127,127,255,149,241,127,127,127,123,145,63
126,126,128,127,126,127,127,127,255,149,241,127,127,127,123,145,63
126,126,128,127,126,127,127,127,255,149,241,127,127,127,123,145,63
127,127,126,127,127,127,127,128,255,149,241,127,127,127,123,145,63
127,127,126,127,127,127,127,128,255,149,241,127,127,127,123,145,63
127,127,126,127,126,127,127,128,255,149,241,127,127,127,123,145,63
127,127,127,127,127,127,127,128,255,149,241,127,127,127,123,145,63
127,127,127,127,127,127,127,128,255,149,241,127,127,127,123,145,63
127,127,127,127,127,127,127,128,255,149,241,127,127,127,123,145,63
127,127,127,127,127,127,127,128,255,149,241,127,127,127,123,145,63
127,127,127,127,127,127,127,128,255,149,241,127,127,127,123,145,63
127,127,126,127,127,127,127,128,255,149,241,127,127,127,123,145,63
127,127,127,127,127,127,127,128,255,149,241,127,127,127,123,145,63
127,127,128,128,127,127,127,128,255,149,241,127,127,127,123,145,63
127,127,128,128,127,127,127,128,255,149,241,127,127,127,123,145,63
127,126,128,128,127,127,127,128,255,149,241,127,127,127,123,145,63
127,126,128,127,127,127,127,127,255,149,241,127,127,127,123,145,63
127,127,128,128,127,127,127,128,255,149,241,127,127,127,123,145,63
127,127,128,128,127,127,127,128,255,149,241,127,127,127,123,145,63
127,127,128,128,127,127,127,128,255,149,241,127,127,127,123,145,63
127,127,128,128,127,127,127,128,255,149,241,127,127,127,123,145,63
127,127,128,128,127,127,127,128,255,149,241,127,127,127,123,145,63
127,127,128,128,127,127,127,128,255,149,241,127,127,127,123,145,63
127,127,126,126,126,127,127,128,255,149,241,127,127,127,123,145,63
127,127,126,126,126,127,127,128,255,149,241,127,127,127,123,145,63
127,126,126,126,126,127,127,128,255,149,241,127,127,127,123,145,63
127,127,127,127,126,127,127,128,255,149,241,127,127,127,123,145,63
127,127,127,126,126,127,127,128,255,149,241,127,127,127,123,145,63
127,127,127,126,126,127,127,128,255,149,241,127,127,127,123,145,63
127,127,127,126,126,127,127,128,255,149,241,127,127,127,123,145,63
127,126,127,126,126,127,127,128,255,149,241,127,127,127,123,145,63
127,127,127,126,126,127,127,128,255,149,241,127,127,127,123,145,63
127,127,126,126,126,127,127,128,255,149,241,127,127,127,123,145,63
126,127,127,127,126,127,127,128,255,149,241,127,127,127,123,145,63
126,127,127,127,126,127,127,128,255,149,241,127,127,127,123,145,63
126,126,127,127,126,126,126,128,255,149,241,127,127,127,123,145,63
126,127,127,127,126,126,126,127,255,149,241,127,127,127,123,145,63
126,127,127,127,126,126,127,127,255,149,241,127,127,127,123,145,63
126,127,127,127,126,126,127,128,255,149,241,127,127,127,123,145,63
126,127,127,127,126,126,127,128,255,149,241,127,127,127,123,145,63
126,127,127,127,126,126,127,128,255,149,241,127,127,127,123,145,63
126,127,127,127,126,127,127,128,255,149,241,127,127,127,123,145,63
126,127,127,127,126,127,127,128,255,149,241,127,127,127,123,145,63
127,127,129,127,127,127,127,128,255,149,241,127,127,127,123,145,63
127,126,126,127,127,127,127,128,255,149,241,127,127,127,123,145,63
127,126,126,127,127,127,127,128,255,149,241,127,127,127,123,145,63
127,127,126,127,127,127,127,128,255,149,241,127,127,127,123,145,63
127,127,127,127,127,127,127,128,255,149,241,127,127,127,123,145,63
127,127,127,127,127,127,127,128,255,149,241,127,127,127,123,145,63
127,127,128,127,127,127,127,128,255,149,241,127,127,127,123,145,63
127,127,128,127,127,127,127,128,255,149,241,127,127,127,123,145,63
127,127,129,127,127,127,127,128,255,149,241,127,127,127,123,145,63
127,127,129,127,127,127,127,128,255,149,241,127,127,127,123,145,63
127,127,126,127,127,127,127,128,255,149,241,127,127,127,123,145,63
127,127,126,127,127,127,127,128,255,149,241,127,127,127,123,145,63
127,127,127,127,127,127,127,128,255,149,241,127,127,127,123,145,63
127,127,127,127,127,127,127,128,255,149,241,127,127,127,123,145,63
127,127,127,127,127,127,127,128,255,149,241,127,127,127,123,145,63
127,127,127,127,127,127,127,128,255,149,241,127,127,127,123,145,63
127,127,127,127,127,127,127,128,255,149,241,127,127,127,123,145,63
127,127,127,127,127,127,127,128,255,149,241,127,127,127,123,145,63
127,127,127,127,126,127,127,128,255,149,241,127,127,127,123,145,63
127,127,127,127,127,127,127,128,255,149,241,127,127,127,123,145,63
127,126,127,126,127,126,126,127,255,149,241,127,127,127,123,145,63
127,127,127,126,126,126,126,127,255,149,241,127,127,127,123,145,63
127,126,127,126,126,126,126,127,255,149,241,127,127,127,123,145,63
127,126,127,126,126,126,126,127,255,149,241,127,127,127,123,145,63
127,126,126,126,126,126,126,127,255,149,241,127,127,127,123,145,63
127,127,127,127,126,127,126,128,255,149,241,127,127,127,123,145,63
127,127,127,127,127,127,126,128,255,149,241,127,127,127,123,145,63
127,127,127,127,126,127,126,128,255,149,241,127,127,127,123,145,63
127,127,127,127,127,127,127,128,255,149,241,127,127,127,123,145,63
127,127,127,126,126,126,126,127,255,149,241,127,127,127,123,145,63
127,126,126,126,127,127,126,128,255,149,241,127,127,127,123,145,63
127,126,126,126,127,127,127,128,255,149,241,127,127,127,123,145,63
127,127,127,126,127,127,127,128,255,149,241,127,127,127,123,145,63
127,127,127,126,127,127,127,128,255,149,241,127,127,127,123,145,63
127,127,127,126,127,127,127,128,255,149,241,127,127,127,123,145,63
127,127,127,126,127,127,127,128,255,149,241,127,127,127,123,145,63
127,127,127,126,127,127,127,128,255,149,241,127,127,127,123,145,63
127,127,127,126,127,127,127,128,255,149,241,127,127,127,123,145,63
127,126,126,127,127,127,126,128,255,149,241,127,127,127,123,145,63
127,126,126,126,127,127,126,128,255,149,241,127,127,127,123,145,63
